0
59
90
2
0
1
1
0
1
1
0
0
0
0
0
0
0
0
0
0
0
0
0
0
0
0
0
0
0
0
0
0
0
0
0
0
0
0
0
0
0
0
0
0
0
0
0
0
0
0
0
0
0
0
0
0
0
0
0
0
0
0
0
0
0
0
0
0
0
0
0
0
0
0
3
2
2
3
4
6
8
10
2
2
2
3
4
9
10
9
2
2
3
4
6
9
11
9
2
3
4
5
8
14
13
10
3
4
6
9
11
17
16
12
4
6
9
10
13
17
18
15
8
10
12
14
16
19
19
16
12
15
15
16
18
16
16
16
3
3
4
8
16
16
16
16
3
3
4
11
16
16
16
16
4
4
9
16
16
16
16
16
8
11
16
16
16
16
16
16
16
16
16
16
16
16
16
16
16
16
16
16
16
16
16
16
16
16
16
16
16
16
16
16
16
16
16
16
16
16
16
16
0
0
0
0
0
0
0
0
0
0
0
0
0
0
0
0
0
0
0
0
0
0
0
0
0
0
0
0
0
0
0
0
0
0
0
0
0
0
0
0
0
0
0
0
0
0
0
0
0
0
0
0
0
0
0
0
0
0
0
0
0
0
0
0
0
1
2
3
4
5
6
7
8
9
10
11
0
0
0
0
0
0
0
0
0
0
0
0
0
0
0
0
0
0
0
0
0
0
0
0
0
0
0
0
0
0
0
0
0
0
0
0
0
0
0
0
0
0
0
0
0
0
0
0
0
0
0
0
0
0
0
0
0
0
0
0
0
0
0
0
0
0
0
0
0
0
0
0
0
0
0
0
0
0
0
0
0
0
0
0
0
0
0
0
0
0
0
0
0
0
0
0
0
0
0
0
0
0
0
0
0
0
0
0
0
0
0
0
0
0
0
0
0
0
0
0
0
0
0
0
0
0
0
0
0
0
0
0
0
0
0
0
0
0
0
0
0
0
0
0
0
0
0
0
0
0
0
0
0
0
0
0
0
0
0
0
0
0
0
0
0
0
0
0
0
0
0
0
0
0
0
0
0
0
0
0
0
0
0
0
0
0
0
0
0
0
0
0
0
0
0
0
0
0
0
0
0
0
0
0
0
0
0
0
0
0
0
0
0
0
0
0
0
0
0
0
0
0
0
0
0
0
0
0
0
0
0
0
0
0
0
0
0
0
0
0
0
0
0
0
0
0
1
2
3
4
5
6
7
8
9
10
11
0
0
0
0
0
0
0
0
0
0
0
0
0
0
0
0
0
0
0
0
0
0
0
0
0
0
0
0
0
0
0
0
0
0
0
0
0
0
0
0
0
0
0
0
0
0
0
0
0
0
0
0
0
0
0
0
0
0
0
0
0
0
0
0
0
0
0
0
0
0
0
0
0
0
0
0
0
0
0
0
0
0
0
0
0
0
0
0
0
0
0
0
0
0
0
0
0
0
0
0
0
0
0
0
0
0
0
0
0
0
0
0
0
0
0
0
0
0
0
0
0
0
0
0
0
0
0
0
0
0
0
0
0
0
0
0
0
0
0
0
0
0
0
0
0
0
0
0
0
0
0
0
0
0
0
0
0
0
0
0
0
0
0
0
0
0
0
0
0
0
0
0
0
0
0
0
0
0
0
0
0
0
0
0
0
0
0
0
0
0
0
0
0
0
0
0
0
0
0
0
0
0
0
0
0
0
0
0
0
0
0
0
0
0
0
0
0
0
0
0
0
0
0
0
0
0
0
0
0
0
0
0
0
0
0
0
0
0
0
0
0
0
0
0
0
1
2
3
0
4
17
5
18
33
49
65
6
19
81
97
7
34
113
20
50
129
145
161
8
35
66
177
193
21
82
209
240
36
51
98
114
130
9
10
22
23
24
25
26
37
38
39
40
41
42
52
53
54
55
56
57
58
67
68
69
70
71
72
73
74
83
84
85
86
87
88
89
90
99
100
101
102
103
104
105
106
115
116
117
118
119
120
121
122
131
132
133
134
135
136
137
138
146
147
148
149
150
151
152
153
154
162
163
164
165
166
167
168
169
170
178
179
180
181
182
183
184
185
186
194
195
196
197
198
199
200
201
202
210
211
212
213
214
215
216
217
218
225
226
227
228
229
230
231
232
233
234
241
242
243
244
245
246
247
248
249
250
0
0
0
0
0
0
0
0
0
0
0
0
0
0
0
0
0
0
0
0
0
0
0
0
0
0
0
0
0
0
0
0
0
0
0
0
0
0
0
0
0
0
0
0
0
0
0
0
0
0
0
0
0
0
0
0
0
0
0
0
0
0
0
0
0
0
0
0
0
0
0
0
0
0
0
0
0
0
0
0
0
0
0
0
0
0
0
0
0
0
0
0
0
0
0
0
1
2
3
17
4
5
33
49
6
18
65
81
7
97
113
19
34
50
129
8
20
66
145
161
177
193
9
35
51
82
240
21
98
114
209
10
22
36
52
225
37
241
23
24
25
26
38
39
40
41
42
53
54
55
56
57
58
67
68
69
70
71
72
73
74
83
84
85
86
87
88
89
90
99
100
101
102
103
104
105
106
115
116
117
118
119
120
121
122
130
131
132
133
134
135
136
137
138
146
147
148
149
150
151
152
153
154
162
163
164
165
166
167
168
169
170
178
179
180
181
182
183
184
185
186
194
195
196
197
198
199
200
201
202
210
211
212
213
214
215
216
217
218
226
227
228
229
230
231
232
233
234
242
243
244
245
246
247
248
249
250
0
0
0
0
0
0
0
0
0
0
0
0
0
0
0
0
0
0
0
0
0
0
0
0
0
0
0
0
0
0
0
0
0
0
0
0
0
0
0
0
0
0
0
0
0
0
0
0
0
0
0
0
0
0
0
0
0
0
0
0
0
0
0
0
0
0
0
0
0
0
0
0
0
0
0
0
0
0
0
0
0
0
0
0
0
0
0
0
0
0
0
0
0
0
0
9
11
0
-1
0
6
14
30
62
126
254
511
-1
-1
-1
-1
-1
-1
-1
0
0
0
0
0
0
0
0
0
0
0
0
0
0
0
0
0
0
0
0
-1
2
6
14
30
62
126
254
510
1022
2047
-1
-1
-1
-1
-1
0
0
0
0
0
0
0
0
0
0
0
0
0
0
0
0
0
0
0
0
0
0
2
14
30
62
126
254
510
0
0
0
0
0
0
0
0
0
0
0
0
0
0
0
0
0
0
0
0
0
0
0
0
0
0
0
0
0
6
14
30
62
126
254
510
1022
2046
0
0
0
0
0
0
0
0
0
0
0
0
0
0
0
0
0
0
0
0
0
0
0
0
0
0
0
1
6
7
8
9
10
11
0
0
0
0
0
0
0
0
0
0
0
0
0
0
0
0
0
0
0
0
0
0
0
0
0
0
0
0
0
3
4
5
6
7
8
9
10
11
0
0
0
0
0
0
0
0
0
0
0
0
0
0
0
0
0
0
0
0
0
0
0
0
0
-1
1
4
12
28
59
123
250
506
1018
2041
4087
-1
-1
32704
65535
0
0
0
0
0
0
0
0
0
0
0
0
0
0
0
0
0
0
0
0
-1
1
4
11
27
59
122
249
506
1018
2041
4087
-1
16352
32707
65535
0
0
0
0
0
0
0
0
0
0
0
0
0
0
0
0
0
0
0
0
0
0
4
10
26
58
120
248
502
1014
2038
4084
0
0
32704
65410
0
0
0
0
0
0
0
0
0
0
0
0
0
0
0
0
0
0
0
0
0
0
4
10
24
56
120
246
500
1014
2038
4084
0
16352
32706
65416
0
0
0
0
0
0
0
0
0
0
0
0
0
0
0
0
0
0
0
0
0
0
2
3
6
9
11
15
18
23
28
32
0
0
36
37
0
0
0
0
0
0
0
0
0
0
0
0
0
0
0
0
0
0
0
0
0
0
2
3
5
9
13
16
20
27
32
36
0
40
41
43
0
0
0
0
0
0
0
0
0
0
0
0
0
0
0
0
0
0
0
16
16
12
96
1509994485
-1347217430
827276426
-1686461199
-1091982897
375894050
-245994374
-1394975958
-953399028
423634636
-478663580
-1159151605
-1556353737
994960205
-2055212709
-771338955
1006035670
-571456328
74599256
1452290952
-1740861400
1371428140
2016067564
-242485709
-2006990321
-1404722067
-775788566
-630117154
597194179
-1936944714
79138081
539017027
980419072
402174039
-1057962250
1207001585
741473416
-1366376678
-709183965
-889127150
-176893258
-1536672882
80272498
1497936816
-1899754944
230104997
433038734
-1690932439
-1221223746
-201409122
-388881385
1789463421
-130736618
1324426776
-1770478463
1004160589
-344707607
1978527593
1531214091
1972036527
227559566
747837651
-514702975
-131580031
-262015341
-391736405
2135665871
996880755
796461995
-441926796
1544677725
527808407
-2134805970
-88061667
178177451
-910239814
-693438437
1969439214
1737866805
-1799021205
869632147
-1210202363
-1843248324
791840993
666656296
1338345441
1199353996
1673843586
-1270505642
-765055639
1527934380
-2038140011
-1393366163
492852806
-1890251105
-890605248
-1836361192
-1267970638
503173876
-1138622209
-1034947623
533152717
-383402493
1166224222
-1471993731
1861191615
-325079634
-1977300495
-2034645582
1877780995
-698926256
728020255
-1757046176
-1609958264
-984588901
379958952
1759448222
-767409326
32661984
1850187296
1877042147
2080976835
804369989
1047886986
2127982271
-1192831178
834294917
-1809607063
685542681
75048292
-1910765647
687784887
1047347549
-1253409782
-1445743148
-722608167
832695598
-1245343382
1617223236
274294304
1987478274
-407531885
-1362444206
1399478286
-673301833
-864224587
-2075159371
-1291433668
-1417853012
-1767056804
-1472843630
-2135432169
1933378076
-974046228
-132023191
-1901075961
-1648430310
-1009067092
-1504026716
923299489
-1622550255
-2021178145
-559508421
1620895684
334565885
1015193568
-252190417
-1368553641
-303015661
-1379566916
-292173371
-83276005
-1684948779
-2040955189
35156497
162513152
1877048824
1000232584
-1039146353
1011564589
-793989870
-599048663
86249989
241895233
-2023829695
251858844
1656870293
1387417249
-59345843
-320146196
1949167412
1845284529
334564344
-1249280031
900430667
-1138568519
-365003429
1865012824
1838531106
-1780424551
592643645
-241620050
-1687715465
-1008303525
-329936563
-1073367147
-21300922
390065301
-336052674
1972025314
-604503441
1876014929
-1009022355
-1322644373
-308221703
-832278425
-1476329603
-1238467418
-508440847
371182459
137606120
-768738460
1948889947
414195736
1717496815
-984590733
-291001537
-51129368
1772263895
1995692520
1755868571
1792922039
615728282
-1802473933
-182887621
2141858794
1467414545
-633006231
1778619932
1373835248
-1942504854
-705333925
702204853
272425516
965759239
1923956718
1994464527
1378970921
-1977403314
1804040378
-1489281048
-55621726
393607204
1873768078
1264311797
-1196208253
962505938
611277028
418308746
-473246140
-1554509541
-1263508715
1285534077
1073455608
-1041239987
-956655786
331216521
-666913965
412674746
1292094778
1640004086
-439996126
1941516579
-1373090944
-994057941
1742756749
335417581
-1750673680
1451431518
-2009107942
-651691099
807317036
817002994
-861249445
-1574708020
530695036
-247038896
1306755566
-1859198365
1131396577
-1610220332
909470456
-841261071
-575702687
1267081667
-1312285623
-215171931
1595257162
-1257295691
1264537040
2015268483
-1155872168
1873447742
-1855984690
-1486102066
889831352
694061151
-1583943504
2103088113
1324436567
-1312279143
2019252371
-1226714141
1507941662
-2145625848
1424079537
-1011249876
-242914416
771523391
-66629663
436131165
-725913860
1537485180
1101384099
-235618907
-1274901114
-2108936169
-997985483
157381990
1332320140
-534421811
64618751
-310081566
-1351705908
-1109309172
-1023344866
-1573025002
-1128979512
-977222117
1348846192
1107663813
-1085643380
1627439064
295594744
-492972304
448995149
-626609298
-1281317817
-1776112169
-796372869
751792804
263335026
1864635424
1210791829
-1339206011
358843987
-1649009702
1532845045
-592777271
-205931913
-238162769
1020482675
212853323
168681933
-1914616834
-692694193
-335752601
-1296622661
1821568305
309797905
-662383208
482590725
-269130600
-1139335285
-1485265619
-1137926464
222262738
-1914155400
1861306715
1272081567
1231121511
545575841
664882868
-1780206015
-1990895928
-545916354
1746632211
494799711
444378061
-266975073
-18293282
-2103154649
22183394
483339808
1360509791
1211603961
-1572691071
1709453119
549367009
-45444232
-517866339
1920469119
-431092254
1963563851
1006323385
-1772504213
-513945897
575107991
-1526046270
1790389663
-413015608
1361579351
-577023067
760061630
-799539691
1693967635
-1078704203
2082258570
-1499008927
-509382950
-1025370305
1844302422
-1244481501
-837325032
640778126
-859543449
-1678862777
-2118399926
2025754904
-1323413000
-238799888
239051512
-1628957409
-1833037764
-1272068655
1614357099
-112622104
12184582
-137739935
-480658208
1053052797
-128913377
2058794600
-1216742748
1833645524
738790206
1536437550
1730957579
210617718
-1856425368
386830935
-65601831
637457500
-267829655
347063871
-1172936360
-991044179
-1055249129
-1926972610
-439708124
-631679744
598405192
415388761
1670932502
1416219784
-1706077292
1832337402
-1164186571
-1802797957
1528747354
-473907215
1662861254
-57911311
510307133
-1203391216
-1697428837
-1831306453
-1773559219
-1780027032
1099044901
530587171
-799304797
909993791
490019026
-581502860
1673246563
-1120562310
217091523
-968444260
-273403428
-219071485
2138949007
1007599558
544780131
-862286229
87025686
2012179148
-1192834276
1612353994
959317040
-1274406720
-987783717
-1222968175
-696340777
1837703098
1558000291
-781435757
-640125511
-1542707674
2021714709
-180574006
1405225203
1467122515
-1758569537
-1915050389
-1953416915
2146125307
1725326344
-1916727311
1469007174
1513240507
1783050753
76605127
-1185662061
242266209
-494243348
760083885
1273466336
773860147
477830977
-657607170
-856000792
735020058
899031622
-1526051058
-1500527440
-130392781
28426531
-1093799655
-1931449008
-2009768079
-599516003
1609754010
610933971
2020140221
-319798133
-1346502950
1987954651
-650963718
746600042
540787058
482762116
-1010481054
-1375932144
918064924
-1490091047
868417791
-1208981508
-2118898300
188499631
1809570735
1144051479
2100377271
-1370412890
846144277
472741091
-941048208
-1931720465
-262844436
610189467
1944317944
-561365022
1740427791
1520947681
-1613080599
-1453100641
-1854501928
209959266
-623798938
-919581880
-1843929718
1467833278
1031593385
-249203504
-1401839834
-689860739
-1118197323
-828205386
-1685817333
-1578463953
-1354614485
-603192133
997627313
1549333523
-1809128699
-1514673923
1431286941
-319377959
-579268763
-1164107845
-1342929257
-697304049
-496160260
1840535627
-684829133
2023863706
-1103524186
1858856657
-551315068
-1022726637
-1850508297
16727189
-514212731
-159906513
-97597985
-1230125707
2024218275
95149364
-1143164748
851189189
-972421469
304371001
1903200033
2087480468
1941698674
445263843
381138636
-367987177
-1917416230
-1212652434
325669533
1634113402
1668206868
1230846972
-1078044131
-261942792
-2102402469
1588003836
-1220908453
2116746376
1789684683
-1246054838
-1609290860
436745140
455250473
355616714
-1135889678
1639989866
-1552851281
-1091689939
2100248059
-546758081
-1992345375
-1998080545
-1626047315
-535446513
-1552371537
-140853411
-1286306991
1979329587
1986911704
-1851522131
-2129386660
1901544150
1992962086
-2081377465
-2016297226
-239836287
-123229322
910617470
1498985238
-173194775
-1901758427
-2007960606
1286720545
-1480093598
-904710220
996981476
1173934560
-134494689
-621745160
-2047352329
-602759371
-1774973078
1297820790
951942034
422807845
-1783176107
815736864
853930597
-1097666306
-641736395
-2101885465
-1326971537
-1512670615
2135527798
577142635
-868398229
-460824910
478897182
-1062293110
2003091117
1571919192
-1484005099
-229180120
1802197851
452554237
-1093948105
1589809983
-262365408
1974580781
-1615369810
344943461
231332829
1351016146
683255216
1651347811
-2020931194
147814033
514601255
-482949
-1093644544
2019383845
-239382285
1135846470
-794153879
-328627675
608416392
1821124913
-803716467
782969643
-401304491
384373438
-1014237165
2109580986
1528295799
393028822
-299052726
-1766345691
-762419726
785758215
1118586133
-1339334648
-2105334965
-345949936
1723797375
-630521585
233021254
-133052569
-76817802
-563970645
-1395033539
-1183098259
-554518624
-1752675515
-1418564657
569105969
405461319
1784191583
-735998247
-1555609214
2062933366
1555822569
877251949
1286905712
874176470
-132284597
768963614
-616940236
1451932497
518855050
-1255695769
709820484
-1901834196
-51894641
-1842378520
-16343126
-2031130368
-57415181
-511051743
1069308043
1281073836
1443131885
22334128
2014022184
-459446900
591849058
364317669
-1067978619
16764282
1302178756
-1118090251
-725856745
1452266804
-1257735235
-1029934021
612585300
-1423687540
-1335874525
-1357547736
2083192480
-1590235111
2014728162
-636042601
-1517316507
1466568808
-1864977382
645046198
-1397380301
-1765833221
-1624484930
421331389
1787878217
1304802959
-62290988
-1219281619
1303868741
-1657493557
1769778916
1047058850
-1547243233
1313578465
-1527726919
-1816095817
-1601923687
1221597235
2102736572
1959127945
-1045694254
-621720943
1123039612
626429120
948457879
856455232
1926043863
1986548599
-2018679334
1863890311
1651129810
1658692343
849580102
575210180
-282424270
1072635990
1474705885
-1973768992
-719044211
-1668845999
7498773
2030989422
-708061412
1901987235
-1622786364
-1816169145
1994712373
1800394374
2136635374
-807255059
-73204466
-746554686
-1556530315
-1770497101
886350152
960102655
-561317578
-1481618322
2060944792
2092432200
2019254219
-1145642261
972833275
612825073
-752992714
-172698969
1550662534
-2043354435
610453554
1202963507
436803370
1185518700
-209209070
-795425449
-718790935
-236915476
1554737477
-858910783
-506818102
944366086
2018406912
1475430319
-1555350386
1777870972
-163656222
1571280148
-640451257
-1911151677
-263069198
309674216
-519696848
-1194717242
505208058
-743861218
-1888588839
1731681187
-683239053
-269021625
1820897959
333612704
-1935394014
1251549016
1626149913
-1157562554
431469298
-1260648679
425691807
-1881070596
1773365772
899315415
1752220821
-1130312877
-1294208490
-1316189745
-707054550
1122386606
-1965900711
-244659109
-607507731
-1992822698
-961986180
-315640466
1379349515
-1710724687
-990105001
1229335783
905300459
788263418
-1614662792
-1352368365
-1910031737
1597836276
361101391
1004706302
487285609
1548891892
1406888131
-1901975294
2018696670
-2009281802
-1530463090
1167937648
-582084041
-1361584097
-736875850
2089510803
-256116685
-1279278017
-1893757474
-1878634692
-1141286
-1159130112
359898446
1780652998
-287728855
776938093
-771437764
1022855371
-1027845637
-1084580946
1798651533
1055997758
-991432521
1299854426
-496133226
1196559643
-1002467973
1747354135
318227629
790392775
-684961260
-216702114
1651444880
-1879701700
-259150096
-2047779261
-290930017
-1223869444
673906114
1996151510
1393374713
-609576980
1636415453
941314662
-1067336605
-531629462
-1916893899
874851808
557121791
1870451639
-1816390303
439136316
90685294
1246689682
1105082470
-1147659333
610703027
-1908786949
-1691727963
-1167186005
-1178533633
-1208275638
1170995672
2082733782
-1950879452
1031547006
929657336
-709860217
711849135
1485459947
604560884
-440163439
428767153
-1234806428
-1150474353
1511924037
-323502904
-993791513
1329176246
-1907622890
-716870835
1632332644
1890884909
1532766919
465883980
-1247170040
-898393467
-1817104324
-1587552904
-1266237510
1452035883
-1682002470
-555131886
1831719949
346788507
-2006689161
-1043705979
-1064462243
-2079427613
-33294198
1802047242
1783954275
-1765779312
1767483593
1183341619
256324303
1942466827
1034498332
1230167886
1698262460
2010307307
-741370230
-1177756214
1454284196
767832049
-571450577
-1130001929
-719135178
1380154660
-543232360
-330012339
1792791896
96488157
-542600850
1504828705
2122063166
-123493896
528401159
442422512
-2071990089
-574706065
-1229521891
1470413558
615307547
1977579398
24037646
934421521
-639553318
-125470829
886329999
500849197
-823985634
-1342122952
-915188536
-1667443673
1475332499
-685363218
1382759796
1970242772
625487969
-2138823282
1819748966
-133988605
653647027
-1170713922
-976972911
1769721817
-1751531586
-1253550541
161422306
-1882329795
-1512868730
-286136600
-416437011
1857629491
153151238
-1312664283
-1788511860
156397258
-635495435
1452721215
-8980906
-961278720
613550218
-1436753093
-1206188160
934180064
1954951138
-1270800611
584273051
-392793929
76952409
-210515143
-454776804
1586751477
42983885
-1007461768
-824357510
-164302950
2099464496
-1699130970
920658997
837851706
-850950830
-144802507
1256004093
-1831577419
-637583534
0
0
0
0
0
0
0
0
0
0
0
0
0
0
0
0
0
0
0
0
0
0
0
0
0
134217728
0
16842752
101928704
8
0
0
0
0
0
0
512
256
768
768
512
1024
768
1280
1280
1024
1024
0
0
256
32000
0
0
0
0
0
0
0
0
0
0
0
0
0
0
0
0
0
0
0
0
0
512
256
512
1024
1024
768
1024
1792
1280
1024
1024
0
256
512
30464
0
0
0
0
0
0
0
0
0
0
0
0
0
0
0
0
0
0
0
0
0
0
0
0
0
0
0
0
0
0
0
0
0
0
0
0
0
0
0
0
0
0
0
0
0
0
0
0
0
0
0
0
0
0
0
0
0
0
0
0
0
0
0
0
0
0
0
0
0
0
0
0
0
0
0
0
0
0
0
0
0
0
0
0
0
0
0
0
0
0
0
0
0
0
0
0
0
0
0
0
0
0
0
0
0
0
0
0
0
0
0
0
0
0
0
0
0
0
0
0
0
0
0
0
0
0
0
0
0
0
0
0
0
0
0
0
0
0
0
0
0
0
0
0
0
0
0
0
0
0
0
0
0
0
0
0
0
0
0
0
0
0
0
0
0
0
0
0
0
0
0
0
0
0
0
0
0
0
0
0
0
0
0
0
0
0
0
0
0
0
0
0
0
0
0
0
0
0
0
0
0
0
0
0
0
0
0
0
0
0
0
0
0
0
0
0
0
0
0
0
0
0
0
0
0
0
0
0
0
0
0
0
0
0
0
0
0
0
0
0
0
0
0
0
0
0
0
0
0
0
0
0
0
0
0
0
0
0
0
0
0
0
0
0
0
0
0
0
0
0
0
0
0
0
0
0
0
0
0
0
0
0
0
0
0
0
0
0
0
0
0
0
0
0
0
0
0
0
0
0
0
0
0
0
0
0
0
0
0
0
0
0
0
0
0
0
0
0
0
0
0
0
0
0
0
0
0
0
0
0
0
0
0
0
0
0
0
0
0
0
0
0
0
0
0
0
0
0
0
0
0
0
0
0
0
0
0
0
0
0
0
0
0
0
0
0
0
0
0
0
0
0
0
0
0
0
0
0
0
0
0
0
0
0
0
0
0
0
0
0
0
0
0
0
0
0
0
0
0
0
0
0
0
0
0
0
0
0
0
0
0
0
0
0
0
0
0
0
0
0
0
0
0
0
0
0
0
0
0
0
0
0
0
0
0
0
0
0
0
0
0
0
0
0
0
0
0
0
0
0
0
0
0
0
0
0
0
0
0
0
0
0
0
0
0
0
0
0
0
0
0
0
0
0
0
0
0
0
0
0
0
0
0
0
0
0
0
0
0
0
0
0
0
0
0
0
0
0
0
0
0
0
0
0
0
0
0
0
0
0
0
0
0
0
0
0
0
0
0
0
0
0
0
0
0
0
0
0
0
0
0
0
0
0
0
0
0
0
0
0
0
0
0
0
0
0
0
0
0
0
0
0
0
0
0
0
0
0
0
0
0
0
0
0
0
0
0
0
0
0
0
0
0
0
0
0
0
0
0
0
0
0
0
0
0
0
0
0
0
0
0
0
0
0
0
0
0
0
0
0
0
0
0
0
0
0
0
0
0
0
0
0
0
0
0
0
0
0
0
0
0
0
0
0
0
0
0
0
0
0
0
0
0
0
0
0
0
0
0
0
0
0
0
0
0
0
0
0
0
0
0
0
0
0
0
0
0
0
0
0
0
0
0
0
0
0
0
0
0
0
0
0
0
0
0
0
0
0
0
0
0
0
0
0
0
0
0
0
0
0
0
0
0
0
0
0
0
0
0
0
0
0
0
0
0
0
0
0
0
0
0
0
0
0
0
0
0
0
0
0
0
0
0
0
0
0
0
0
0
0
0
0
0
0
0
0
0
0
0
0
0
0
0
0
0
0
0
0
0
0
0
0
0
0
0
0
0
0
0
0
0
0
0
0
0
0
0
0
0
0
0
0
0
0
0
0
0
0
0
0
0
0
0
0
0
0
0
0
0
0
0
0
0
0
0
0
0
0
0
0
0
0
0
0
0
0
0
0
0
0
0
0
0
0
0
0
0
0
0
0
0
0
0
0
0
0
0
0
0
0
0
0
0
0
0
0
0
0
0
0
0
0
0
0
0
0
0
0
0
0
0
0
0
0
0
0
0
0
0
0
0
0
0
0
0
0
0
0
0
0
0
0
0
0
0
0
0
0
0
0
0
0
0
0
0
0
0
0
0
0
0
0
0
0
0
0
0
0
0
0
0
0
0
0
0
0
0
0
0
0
0
0
0
0
0
0
0
0
0
0
0
0
0
0
0
0
0
0
0
0
0
0
0
0
0
0
0
0
0
0
0
0
0
0
0
0
0
0
0
0
0
0
0
0
0
0
0
0
0
0
0
0
0
0
0
0
0
0
0
0
0
0
0
0
0
0
0
0
0
0
0
0
0
0
0
0
0
0
0
0
0
0
0
0
0
0
0
0
0
0
0
0
0
0
0
0
0
0
0
0
0
0
0
0
0
0
0
0
0
0
0
0
0
0
0
0
0
0
0
0
0
0
0
0
0
