0
0
0
0
0
0
0
0
0
0
0
0
0
0
0
0
0
0
0
0
0
0
0
0
0
0
0
0
0
0
0
0
0
0
0
0
0
0
0
0
0
0
0
0
0
0
0
0
0
0
0
0
0
0
0
0
0
0
0
0
0
0
0
0
0
0
0
0
0
0
0
0
0
0
0
0
0
0
0
0
0
0
0
0
0
0
0
0
0
0
0
0
0
0
0
0
0
0
0
0
0
0
0
0
0
0
0
0
0
0
0
0
0
0
0
0
0
0
0
0
0
0
0
0
0
0
0
0
0
0
0
0
0
0
0
0
0
0
0
0
0
0
0
0
0
0
0
0
0
0
0
0
0
0
0
0
0
0
0
0
0
0
0
0
0
0
0
0
0
0
0
0
0
0
0
0
0
0
0
0
0
0
0
0
0
0
0
0
0
0
0
0
0
0
0
0
0
0
0
0
0
0
0
0
0
0
0
0
0
0
0
0
0
0
0
0
0
0
0
0
0
0
0
0
0
0
0
0
0
0
0
0
0
0
0
0
0
0
0
0
0
0
0
0
0
0
0
0
0
0
0
0
0
0
0
0
0
0
0
0
0
0
0
0
0
0
0
0
0
0
0
0
0
0
0
0
0
0
0
0
0
0
0
0
0
0
0
0
0
0
0
0
0
0
0
0
0
0
0
0
0
0
0
0
0
0
0
0
0
0
0
0
0
0
0
0
0
0
0
0
0
0
0
0
0
0
0
0
0
0
0
0
0
0
0
0
0
0
0
0
0
0
0
0
0
0
0
0
0
0
0
0
0
0
0
0
0
0
0
0
0
0
0
0
0
0
0
0
0
0
0
0
0
0
0
0
0
0
0
0
0
0
0
0
0
0
0
0
0
0
0
0
0
0
0
0
0
0
0
0
0
0
0
0
0
0
0
0
0
0
0
0
0
0
0
0
0
0
0
0
0
0
0
0
0
0
0
0
0
0
0
0
0
0
0
0
0
0
0
0
0
0
0
0
0
0
0
0
0
0
0
0
0
0
0
0
0
0
0
0
0
0
0
0
0
0
0
0
0
0
0
0
0
0
0
0
0
0
0
0
0
0
0
0
0
0
0
0
0
0
0
0
0
0
0
0
0
0
0
0
0
0
0
0
0
0
0
0
0
0
0
0
0
0
0
0
0
0
0
0
0
0
0
0
0
0
0
0
0
0
0
0
0
0
0
0
0
0
0
0
0
0
0
0
0
0
0
0
0
0
0
0
0
0
0
0
0
0
0
0
0
0
0
0
0
0
0
0
0
0
0
0
0
0
0
0
0
0
0
0
0
0
0
0
0
0
0
0
0
0
0
0
0
0
0
0
0
0
0
0
0
0
0
0
0
0
0
0
0
0
0
0
0
0
0
0
0
0
0
0
0
0
0
0
0
0
0
0
0
0
0
0
0
0
0
0
0
0
0
0
0
0
0
0
0
0
0
0
0
0
0
0
0
0
0
0
0
0
0
0
0
0
0
0
0
0
0
0
0
0
0
0
0
0
0
0
0
0
0
0
0
0
0
0
0
0
0
0
0
0
0
0
0
0
0
0
0
0
0
0
0
0
0
0
0
0
0
0
0
0
0
0
0
0
0
0
0
0
0
0
0
0
0
0
0
0
0
0
0
0
0
0
0
0
0
0
0
0
0
0
0
0
0
0
0
0
0
0
0
0
0
0
0
0
0
0
0
0
0
0
0
0
0
0
0
0
0
0
0
0
0
0
0
0
0
0
0
0
0
0
0
0
0
0
0
0
0
0
0
0
0
0
0
0
0
0
0
0
0
0
0
0
0
0
0
0
0
0
0
0
0
0
0
0
0
0
0
0
0
0
0
0
0
0
0
0
0
0
0
0
0
0
0
0
0
0
0
0
0
0
0
0
0
0
0
0
0
0
0
0
0
0
0
0
0
0
0
0
0
0
0
0
0
0
0
0
0
0
0
0
0
0
0
0
0
0
0
0
0
0
0
0
0
0
0
0
0
0
0
0
0
0
0
0
0
0
0
0
0
0
0
0
0
0
0
0
0
0
0
0
0
0
0
0
0
0
0
0
0
0
0
0
0
0
0
0
0
0
0
0
0
0
0
0
0
0
0
0
0
0
0
0
0
0
0
0
0
0
0
0
0
0
0
0
0
0
0
0
0
0
0
0
0
0
0
0
0
0
0
0
0
0
0
0
0
0
0
0
0
0
0
0
0
0
0
0
0
0
0
0
0
0
0
0
0
0
0
0
0
0
0
0
0
0
0
0
0
0
0
0
0
0
0
0
0
0
0
0
0
0
0
0
0
0
0
0
0
0
0
0
0
0
0
0
0
0
0
0
0
0
0
0
0
0
0
0
0
0
0
0
0
0
0
0
0
0
0
0
0
0
0
0
0
0
0
0
0
0
0
0
0
0
0
0
0
0
0
0
0
0
0
0
0
0
0
0
0
0
0
0
0
0
0
0
0
0
0
0
0
0
0
0
0
0
0
0
0
0
0
0
0
0
0
0
0
0
0
0
0
0
0
0
0
0
0
0
0
0
0
0
0
0
0
0
0
0
0
0
0
0
0
0
0
0
0
0
0
0
0
0
0
0
0
0
0
0
0
0
0
0
0
0
0
0
0
0
0
0
0
0
0
0
0
0
0
0
0
0
0
0
0
0
0
0
0
0
0
0
0
0
0
0
0
0
0
0
0
0
0
0
0
0
0
0
0
0
0
0
0
0
0
0
0
0
0
0
0
0
0
0
0
0
0
0
0
0
0
0
0
0
0
0
0
0
0
0
0
0
0
0
0
0
0
0
0
0
0
0
0
0
0
0
0
0
0
0
0
0
0
0
0
0
0
0
0
0
0
0
0
0
0
0
0
0
0
0
0
0
0
0
0
0
0
0
0
0
0
0
0
0
0
0
0
0
0
0
0
0
0
0
0
0
0
0
0
0
0
0
0
0
0
0
0
0
0
0
0
0
0
0
0
0
0
0
0
0
0
0
0
0
0
0
0
0
0
0
0
0
0
0
0
0
0
0
0
0
0
0
0
0
0
0
0
0
0
0
0
0
0
0
0
0
0
0
0
0
0
0
0
0
0
0
0
0
0
0
0
0
0
0
0
0
0
0
0
0
0
0
0
0
0
0
0
0
0
0
0
0
0
0
0
0
0
0
0
0
0
0
0
0
0
0
0
0
0
0
0
0
0
0
0
0
0
0
0
0
0
0
0
0
0
0
0
0
0
0
0
0
0
0
0
0
0
0
0
0
0
0
0
0
0
0
0
0
0
0
0
0
0
0
0
0
0
0
0
0
0
0
0
0
0
0
0
0
0
0
0
0
0
0
0
0
0
0
0
0
0
0
0
0
0
0
0
0
0
0
0
0
0
0
0
0
0
0
0
0
0
0
0
0
0
0
0
0
0
0
0
0
0
0
0
0
0
0
0
0
0
0
0
0
0
0
0
0
0
0
0
0
0
0
0
0
0
0
0
0
0
0
0
0
0
0
0
0
0
0
0
0
0
0
0
0
0
0
0
0
0
0
0
0
0
0
0
0
0
0
0
0
0
0
0
0
0
0
0
0
0
0
0
0
0
0
0
0
0
0
0
0
0
0
0
0
0
0
0
0
0
0
0
0
0
0
0
0
0
0
0
0
0
0
0
0
0
0
0
0
0
0
0
0
0
0
0
0
0
0
0
0
0
0
0
0
0
0
0
0
0
0
0
0
0
0
0
0
0
0
0
0
0
0
0
0
0
0
0
0
0
0
0
0
0
0
0
0
0
0
0
0
0
0
0
0
0
0
0
0
0
0
0
0
0
0
0
0
0
0
0
0
0
0
0
0
0
0
0
0
0
0
0
0
0
0
0
0
0
0
0
0
0
0
0
0
0
0
0
0
0
0
0
0
0
0
0
0
0
0
0
0
0
0
0
0
0
0
0
0
0
0
0
0
0
0
0
0
0
0
0
0
0
0
0
0
0
0
0
0
0
0
0
0
0
0
0
0
0
0
0
0
0
0
0
0
0
0
0
0
0
0
0
0
0
0
0
0
0
0
0
0
0
0
0
0
0
0
0
0
0
0
0
0
0
0
0
0
0
0
0
0
0
0
0
0
0
0
0
0
0
0
0
0
0
0
0
0
0
0
0
0
0
0
0
0
0
0
0
0
0
0
0
0
0
0
0
0
0
0
0
0
0
0
0
0
0
0
0
0
0
0
0
0
0
0
0
0
0
0
0
0
0
0
0
0
0
0
0
0
0
0
0
0
0
0
0
0
0
0
0
0
0
0
0
0
0
0
0
0
0
0
0
0
0
0
0
0
0
0
0
0
0
0
0
0
0
0
0
0
0
0
0
0
0
0
0
0
0
0
0
0
0
0
0
0
0
0
0
0
0
0
0
0
0
0
0
0
0
0
0
0
0
0
0
0
0
0
0
0
0
0
0
0
0
0
0
0
0
0
0
0
0
0
0
0
0
0
0
0
0
0
0
0
0
0
0
0
0
0
0
0
0
0
0
0
0
0
0
0
0
0
0
0
0
0
0
0
0
0
0
0
0
0
0
0
0
0
0
0
0
0
0
0
0
0
0
0
0
0
0
0
0
0
0
0
0
0
0
0
0
0
0
0
0
0
0
0
0
0
0
0
0
0
0
0
0
0
0
0
0
0
0
0
0
0
0
0
0
0
0
0
0
0
0
0
0
0
0
0
0
0
0
0
0
0
0
0
0
0
0
0
0
0
0
0
0
0
0
0
0
0
0
0
0
0
0
0
0
0
0
0
0
0
0
0
0
0
0
0
0
0
0
0
0
0
0
0
0
0
0
0
0
0
0
0
0
0
0
0
0
0
0
0
0
0
0
0
0
0
0
0
0
0
0
0
0
0
0
0
0
0
0
0
0
0
0
0
0
0
0
0
0
0
0
0
0
0
0
0
0
0
0
0
0
0
0
0
0
0
0
0
0
0
0
0
0
0
0
0
0
0
0
0
0
0
0
0
0
0
0
0
0
0
0
0
0
0
0
0
0
0
0
0
0
0
0
0
0
0
0
0
0
0
0
0
0
0
0
0
0
0
0
0
0
0
0
0
0
0
0
0
0
0
0
0
0
0
0
0
0
0
0
0
0
0
0
0
0
0
0
0
0
0
0
0
0
0
0
0
0
0
0
0
0
0
0
0
0
0
0
0
0
0
0
0
0
0
0
0
0
0
0
0
0
0
0
0
0
0
0
0
0
0
0
0
0
0
0
0
0
0
0
0
0
0
0
0
0
0
0
0
0
0
0
0
0
0
0
0
0
0
0
0
0
0
0
0
0
0
0
0
0
0
0
0
0
0
0
0
0
0
0
0
0
0
0
0
0
0
0
0
0
0
0
0
0
0
0
0
0
0
0
0
0
0
0
0
0
0
0
0
0
0
0
0
0
0
0
0
0
0
0
0
0
0
0
0
0
0
0
0
0
0
0
0
0
0
0
0
0
0
0
0
0
0
0
0
0
0
0
0
0
0
0
0
0
0
0
0
0
0
0
0
0
0
0
0
0
0
0
0
0
0
0
0
0
0
0
0
0
0
0
0
0
0
0
0
0
0
0
0
0
0
0
0
0
0
0
0
0
0
0
0
0
0
0
0
0
0
0
0
0
0
0
0
0
0
0
0
0
0
0
0
0
0
3
2
131328
0
0
0
0
0
-520103681
1179258880
16795209
16777217
256
1124129791
33686272
50463234
50463234
67306243
67372038
101188612
151389446
151652872
168364296
168562444
151719435
219221257
269487886
201986065
269619986
269487891
14417680
50528579
67306499
134480904
185142032
269488144
269488144
269488144
269488144
269488144
269488144
269488144
269488144
269488144
269488144
269488144
269488144
-1057026032
528640
56229947
33563137
285409553
12910337
16777247
16843013
65793
0
16777216
84148994
151521030
-989918454
1094912
50528514
84083714
263173
24969472
67109634
554829073
319177009
570909009
-2127424399
587768209
365015362
619762002
-2106432973
387320329
622467352
690497318
909456426
976828471
1178944579
1246316615
1448432723
1515804759
1717920867
1785292903
1987409011
2054781047
-2038070141
-1970698105
-1785425006
-1718052970
-1532779878
-1465407835
-1280136535
-1212762700
-1027950152
-960117565
-892745529
-707472430
-640100394
-471670310
-404298268
-236262936
-168496142
-101124106
12910586
50331935
16843009
16843009
1
16777216
84148994
151521030
-989918454
1160448
67240194
117703428
263173
7799297
285409793
824247556
1363218950
326197511
142684706
-1584315884
587841969
368071219
181498466
-516676586
404222245
656808473
891955496
959985462
1162101562
1229473606
1431589706
1498961750
1701077850
1768449894
1970565994
2037938038
-2071756166
-2004384123
-1819112823
-1751738988
-1566926440
-1499093853
-1431721817
-1246448718
-1179076682
-993803590
-926431547
-741160247
-673786412
-488973864
-421141277
-353769241
-168496142
-101124106
14352378
66316
285413634
-184533248
-363200337
-1968196841
-248426692
-811894108
582937001
2048288688
720459372
212654683
-859362231
1679376422
199456812
934996160
1302543341
1530613219
897941489
-690878899
-1204029726
1490939972
-2012974517
676761651
748174480
-330187179
863513279
267488246
1837653954
-357808732
-556678553
-1009094356
-1239181195
562859153
1124382605
2105535
1463447554
-166201168
-239013690
-2008551071
439103996
598642367
315996854
-1228209921
-1896516398
1923377211
-1341863716
1079593139
-1517370358
-1911703777
689557413
-1097124245
-1632160358
401866429
2112410148
376088843
418919710
-2125532890
1301706916
-381953466
1777038381
192277999
-1352973191
-1904899357
-754085816
-2127785192
-2115939775
-1812453313
-1410309642
-806836589
1937722284
-1422169295
1949268235
1575332027
-1755573783
773813687
494977394
-1409630135
-1173709115
466206423
-287921416
896885569
1801950654
-1818966755
87283080
1018682823
-510516669
674181768
-517489570
-1940929145
-2109244240
1449379027
1773421983
-1395497427
-1789193619
1837532275
1185739499
-1625464746
1083135246
415951473
-1299018918
-189502387
-14811694
-641981952
-842903565
52414275
1592337854
2101707563
-1079491800
-1368461433
-236150867
-1299569463
59161029
1349512362
534140731
1613456565
-2003352166
-1684010500
-1463463843
-1642682954
1382604556
-523091389
536998497
-479311970
-1016077981
1165756719
-1976569418
-1086425732
914282094
-2051479849
1764866644
429138838
1680399501
-1325106907
-1215423481
1562967747
171863361
-726316420
-643181643
785706463
1781637613
1152763281
543188190
34625894
-1820952957
1390917006
246336192
-1219270056
-1244144070
-1244889862
1015304084
-1397553591
1554742599
-1835619110
396899888
478197732
-327992062
1774580027
133702012
445558754
-1398948109
-1530668325
-1582933409
288819310
-543208999
998737732
-992041324
-44000025
-535564015
792494751
1475409889
330198407
-1125257127
-978467462
468620745
-704968369
-878997064
294017406
137330
-133582911
-2005933699
-1891918250
767692770
305941312
701541549
98323262
1090855954
1091463943
-1668849969
-1794178289
-1587363371
1297265230
-318998924
887941876
-1317786129
-127009586
-518786805
1270188415
-1187665029
1539056338
1491746429
577710550
-1720871486
1033232608
-1373416698
2012322091
1536911233
1304684162
-1779673711
1186989495
-1778468103
1041711084
-487851970
1869974199
1373370370
1836044727
1807997834
-105829876
1743626472
2110678128
-1498939137
-239718788
2078388686
-401203253
1678259123
1540500987
410266035
-283594720
1936088811
1069895766
-387012693
-671288365
-395730279
-1686703143
-1217877907
-1704272431
858043204
999592046
-353035941
293579307
1767339768
484066583
-261487722
1783751439
1535915962
-1244269195
740940491
118504674
-298217391
259173695
695656733
1314009453
-1165352136
-395606152
-1566098593
620539719
-1911065096
-177229970
-2092213283
-759647409
-466002260
-1977323688
1142484706
467913430
363026449
2108993635
-129196111
1296038817
1455550448
-1983448425
1393802742
-1160233037
974690538
-162724915
576831609
602261041
-2139899599
732833867
-1916485663
-311959461
-267125232
1586996950
441877270
-1517797518
752429051
-231727442
1529918073
-859002272
2091000796
1344250307
-286177668
1666048897
-510578974
-733777987
-123730436
-248105622
1640880991
-1008881799
1229686305
-1515075556
1257450684
-1252059727
-793440464
-2092212403
1484267150
1052449482
-831542645
-829333525
-1196987423
1597311423
-1339466104
-241068304
1467832979
-1722879668
-1817065419
-478651560
515301843
140108125
-1317004199
743760314
-1866221171
1072792939
-517079933
1576798031
-65405227
2094316398
-1554275287
-1522424375
-2030963523
397673101
897731632
1724154867
-1945542283
-850433641
-2087586
-503064064
-856849273
212823706
515760457
381878527
-928891509
465351971
1892008134
-984586814
-1941830245
-658552219
-127860545
-267280790
1306697174
1847247647
1205511859
-676093788
2073436845
-1529837488
1915539314
537899564
-1787878380
-2058867913
1404054870
-636132474
-174213605
-916759205
2010950383
-1342981702
1945226732
1262277460
-854806558
-32895519
1334698307
1742124627
-1142162222
833795867
292328173
-1743620316
98075861
-1742945344
-1947208348
767301407
-1062766427
-759419746
2014134133
1536026702
-1620119223
1733022316
-1589026452
-1272937261
1093116238
-929700810
1049187670
333411834
1600658302
-853705205
-1625654101
-554691000
671017181
-494754712
536957565
1595723566
-112126021
-2125973605
1067598499
-513416145
2015411884
-1644344685
2145460732
-495814648
1273384461
-1183512165
1799093062
-678012485
-1746838066
-1037940877
-1616573855
-932530387
1474781665
-1521407987
-1092773037
355290526
332421118
-1251674139
-1967147961
1635523774
-626612496
1071752046
1455612439
594406866
414569144
-1899096209
1730556287
1204601960
1251733142
411155400
-126304623
-256827823
-118373325
521027490
1017047061
-778912240
1806970309
-396347102
117000581
1627437548
-520631743
2112051644
524207183
1761104112
-1535461706
-726173190
1047350069
774637835
190551085
1986473041
1745653189
1469143346
-652800366
1560024830
1764097748
1072695614
1477750726
-1380313495
398781917
1052842541
613229755
15059606
1222269269
1495509744
370721364
-2006738840
-1806407220
-90550445
896350015
2075827180
1519684476
-245686571
-958152513
-245162689
1039961175
270428843
-1682422347
731566922
1301469307
1754679714
630580977
591495704
-1558208482
1070619539
-768197273
1948071192
1675450104
2053356471
-1011010157
-1676873587
-590985546
66040881
-1879903940
-964723259
1664880319
1797290159
382507662
-872075288
477622122
-893851957
811604625
-1069994492
-608957928
-1849352291
-675865860
-1160347986
-1553102561
-1822630606
-1177457604
651810933
363072550
-898072341
-202031960
1397998088
-1084788093
1805069915
764271270
-74739399
142601029
-244918684
1183695119
-1151889595
22688311
-949336270
-1828417306
1639535675
-334597968
-1377662351
-533901835
860612493
1093541931
-31687905
-388444747
449641078
1177276292
238392866
-1331361201
866553796
603470429
419541441
1354681841
1905057901
-1652017825
-1696840676
-748686619
-1121687012
-1955043100
-622006204
-609239554
-92897849
1792619284
1915519030
-2078262335
1646052957
281265480
481164529
-650725233
-5820669
-63716608
-2068320153
-1350454227
-1358218170
392944603
-1220267817
-1501744842
363745576
-483234013
1880894836
-272111426
-326312888
-1678748337
-131834176
-495721489
266242623
-513295150
-379934767
-1616913833
-659987599
1653700235
1712096185
1222300053
-1966526389
-1097721891
-1453884069
-801276707
653337972
2108453279
-1244208753
-1229104727
198091414
798721144
732031629
-1146142151
-1310979068
322664085
89938164
-40621341
-1650083864
-648720460
1710028461
-1143113457
-1749377761
263189638
-53055492
1273130289
862827608
-1697173930
-1502043723
-776062578
-2073113626
333390745
-138212754
-1785613445
-2063532228
803297724
-537495547
1979330245
-1548309051
880322334
-1274696739
-977544016
-1556956131
969280006
554837077
-1804504953
1920756844
-478954504
-870675921
387364790
-622194442
1854781068
-1648904092
2048092498
341927575
-60592431
491347259
-121651622
1542480657
-58544158
1532929795
-2001257878
-880923908
1248504939
-1800029514
-1264577493
689571891
-904191342
-233491897
1790725042
-1352548286
765686110
-71373278
1065168701
-505452254
-544653512
-1383536715
262083708
-1344268868
1570994352
1375181503
867390595
-663356884
-1384747555
1553048579
-696183773
644962114
1198967344
-159125325
-2121805378
1995551843
2130225067
372655851
-380020557
636857665
-493968008
562581747
1649193420
-1264072816
-456518857
-532976454
524679377
-117965882
-136646421
897972193
1792807583
1989555215
-1840424148
624475515
1427714953
546682596
1697685288
-30218766
901681904
-405159967
1870837701
1773201413
1990579834
1803504017
1797416575
-1295237813
518293598
-1977840796
-1379881295
1484219582
358461845
682068961
1542608637
-43291813
924514669
1069468589
543081107
770727071
-1368018506
1704965993
-585855125
-770848293
-1336899874
1663613349
-2040369775
-1853388023
654888822
2065607729
16775329
633262159
-210215590
1190247248
1766044580
634432044
-1997772406
824460210
-1922266071
735057986
1429121835
-1092086636
320268562
-1161589768
2004729254
-698673167
1243049252
636366033
-225003596
131239525
355390904
138587205
1269836640
276988707
2146132281
258391823
1188719361
1728963487
1995968967
-1409586214
1037984381
1840044410
-1598456998
1172239031
-812152757
833319531
1193405406
1595419353
-647341926
-2100026994
1990412105
-377817635
1834793975
1882474957
-699616097
1261705951
519576959
875418996
1373321789
-1974039877
1730080025
1152722842
740970240
-1886477232
-386078682
-1433260152
16713375
-209260695
570201065
-1948153352
-1405109160
-313762910
-1336540047
671175882
-1938289782
1659149669
-450672922
-2062174453
2059425776
-1006567475
-179462741
398285643
886357070
-1118400555
1001719931
1422040180
-1943764145
598418496
682647596
-1599138441
427567870
-492751120
-1753737649
1708791490
1755680662
441936400
-1232021836
858157727
-72567381
-1097416827
-1113641901
1226382593
-1888841509
-733100618
771508611
1169642301
-884099211
-459459417
-1570145106
524183769
-509360399
-1186051171
-1213927236
-1718370157
866157717
-1136078824
-1988274890
-764099093
-1849578504
2094723402
-1069354951
-1759160692
1077446737
-684520328
2004012312
-629774253
-2021151387
-764471115
-144545219
1180884386
-1003314288
841107714
1458514572
-583012576
-531110343
-1920312660
1372922945
362579822
1845523052
477695600
-1546269737
-999203323
1201620542
898875253
-2039028507
-294957098
-310420873
248504899
-1023696131
1976795258
-1281148613
1217820763
-13314911
909720064
1860078329
-1733840820
1216010117
-881018885
-344433825
-71584030
-247858111
908363511
-1479336386
-2030717742
-1118016197
847656162
858022600
709342148
1813645591
306620820
1475577785
-372205883
-321574882
1173479668
-1050891415
-892547569
115460753
3688930
-1351070094
-1906839225
2091076412
-496371672
351682253
1197320149
-1009134723
-225569245
-386903583
806516032
-958331378
-88552945
505289948
-640439916
-1550881173
1936144219
1205290649
-1477445874
-1603499854
571728518
1485612091
424319263
1180757268
-222625537
421115826
-1615537145
-65446006
210755875
-680938646
-1791649162
1399353540
381460683
-810361870
716278921
-1361716428
1497556546
1535824572
-302945588
1457244714
2089367536
1858513217
200093621
-1320011980
1469712489
-406520782
-347519444
-97126967
2016345073
329237043
-2018548609
-192010438
1331641611
-32143880
1765532313
-199423133
-1017359818
39050088
-561077719
-159886627
-1903674166
1889847036
927309136
534597146
-1230055456
-1814817750
863800167
1072741368
-558645308
1016012685
-628095409
16772757
1320872212
-971672675
694821531
1844369819
1009667874
-875428661
-79890552
-1362969519
-1916839269
1047213374
-1220611777
1522853872
-1773307340
467824027
2068271629
398737293
-1385683326
-955058236
338631791
1591159890
-1863117469
1013083916
-259000825
1139838382
-1618611874
-51468094
-1028190917
-702010627
-109643046
-330101451
-572806505
1717668279
1664621394
1790992828
903892986
-527581563
-13359827
-1222560512
1634696403
1016314901
1847209136
-1845139521
1716145913
-1153311176
-1279551461
-81500522
-1517405640
-1415894457
-4559321
1253687552
-659031251
-700068871
612115454
2123085809
-130188248
-2026411663
-1344950172
-349540876
-195524015
-1859909411
-1310342237
1679396471
-1883871655
1169911079
-933618143
-403916868
-1228618767
374290846
1301171196
1691698539
761351019
-948915043
1281055786
136037587
-2051692110
1019900826
2022945072
-1163829283
733251263
-631862193
312196781
232712540
-1687343660
1997843346
-2054658982
1572981327
-473920104
-1971057037
184419320
1667983631
-1872079621
-912867240
862542248
-817461156
185550642
477349809
1312663857
-1136045345
-345687699
-1971858726
-892088426
-1531327267
-245977443
791528495
-136449957
918332809
617947870
-1739439235
1306500846
1491883113
-580199467
1845870666
568305809
1046065629
-125928419
133735329
-266371389
-1223008556
1870954480
501071534
-155797764
458728634
-2044416807
242605943
285306569
-633884124
-1814437584
-1879538313
758436946
505272922
953082618
-927989548
667513684
-1818452780
-296226871
1960257071
-732796099
1635086212
-1910159312
1719698469
57440042
-1275591809
-1104742948
-1850066862
-641350509
-1100383281
865573311
-491435946
1024040731
-2037395987
-391785612
-303107610
870788524
107919661
621355239
-1934507435
-896178823
-183938450
1071259419
1448515268
16742134
-1966689267
992252424
-2136318749
-524805369
-499667340
494175791
-1682685665
-1222454452
1508415088
956601907
485716939
-169548632
-849439769
2013433825
2059662170
-1697718963
821441775
-1501748407
899332433
976674852
1379004570
902645637
-34120067
-1253384935
1385354328
14286655
0
0
0
0
0
0
0
0
0
0
0
0
0
0
0
0
0
0
0
0
0
0
0
0
0
524288
257
134587151
0
0
0
0
0
0
0
0
2
1
3
3
2
4
3
5
5
4
4
0
0
1
125
0
0
0
0
0
0
0
0
0
0
0
0
0
0
0
0
0
0
0
0
0
2
1
2
4
4
3
4
7
5
4
4
0
1
2
119
0
0
0
0
0
0
0
0
0
0
0
0
0
0
0
0
0
0
0
0
0
8
90
0
0
0
0
0
-1
0
6
14
30
62
126
254
511
-1
-1
-1
-1
-1
-1
-1
0
0
0
0
0
0
0
0
0
0
0
0
0
0
0
0
0
0
0
0
-1
2
6
14
30
62
126
254
510
1022
2047
-1
-1
-1
-1
-1
0
0
0
0
0
0
0
0
0
0
0
