2
0
0
0
0
0
0
0
0
0
0
0
0
0
0
0
0
0
0
0
0
0
0
0
0
0
0
0
0
0
0
0
0
0
0
0
0
0
0
0
0
0
0
0
0
0
0
0
0
0
0
0
0
0
0
0
0
0
0
0
0
0
0
0
0
3
2
2
3
4
6
8
a
2
2
2
3
4
9
a
9
2
2
3
4
6
9
b
9
2
3
4
5
8
e
d
a
3
4
6
9
b
11
10
c
4
6
9
a
d
11
12
f
8
a
c
e
10
13
13
10
c
f
f
10
12
10
10
10
3
3
4
8
10
10
10
10
3
3
4
b
10
10
10
10
4
4
9
10
10
10
10
10
8
b
10
10
10
10
10
10
10
10
10
10
10
10
10
10
10
10
10
10
10
10
10
10
10
10
10
10
10
10
10
10
10
10
10
10
10
10
10
10
0
0
0
0
0
0
0
0
0
0
0
0
0
0
0
0
0
0
0
0
0
0
0
0
0
0
0
0
0
0
0
0
0
0
0
0
0
0
0
0
0
0
0
0
0
0
0
0
0
0
0
0
0
0
0
0
0
0
0
0
0
0
0
0
0
1
2
3
4
5
6
7
8
9
a
b
0
0
0
0
0
0
0
0
0
0
0
0
0
0
0
0
0
0
0
0
0
0
0
0
0
0
0
0
0
0
0
0
0
0
0
0
0
0
0
0
0
0
0
0
0
0
0
0
0
0
0
0
0
0
0
0
0
0
0
0
0
0
0
0
0
0
0
0
0
0
0
0
0
0
0
0
0
0
0
0
0
0
0
0
0
0
0
0
0
0
0
0
0
0
0
0
0
0
0
0
0
0
0
0
0
0
0
0
0
0
0
0
0
0
0
0
0
0
0
0
0
0
0
0
0
0
0
0
0
0
0
0
0
0
0
0
0
0
0
0
0
0
0
0
0
0
0
0
0
0
0
0
0
0
0
0
0
0
0
0
0
0
0
0
0
0
0
0
0
0
0
0
0
0
0
0
0
0
0
0
0
0
0
0
0
0
0
0
0
0
0
0
0
0
0
0
0
0
0
0
0
0
0
0
0
0
0
0
0
0
0
0
0
0
0
0
0
0
0
0
0
0
0
0
0
0
0
0
0
0
0
0
0
0
0
0
0
0
0
0
0
0
0
0
0
0
1
2
3
4
5
6
7
8
9
a
b
0
0
0
0
0
0
0
0
0
0
0
0
0
0
0
0
0
0
0
0
0
0
0
0
0
0
0
0
0
0
0
0
0
0
0
0
0
0
0
0
0
0
0
0
0
0
0
0
0
0
0
0
0
0
0
0
0
0
0
0
0
0
0
0
0
0
0
0
0
0
0
0
0
0
0
0
0
0
0
0
0
0
0
0
0
0
0
0
0
0
0
0
0
0
0
0
0
0
0
0
0
0
0
0
0
0
0
0
0
0
0
0
0
0
0
0
0
0
0
0
0
0
0
0
0
0
0
0
0
0
0
0
0
0
0
0
0
0
0
0
0
0
0
0
0
0
0
0
0
0
0
0
0
0
0
0
0
0
0
0
0
0
0
0
0
0
0
0
0
0
0
0
0
0
0
0
0
0
0
0
0
0
0
0
0
0
0
0
0
0
0
0
0
0
0
0
0
0
0
0
0
0
0
0
0
0
0
0
0
0
0
0
0
0
0
0
0
0
0
0
0
0
0
0
0
0
0
0
0
0
0
0
0
0
0
0
0
0
0
0
0
0
0
0
0
1
2
3
0
4
11
5
12
21
31
41
6
13
51
61
7
22
71
14
32
81
91
a1
8
23
42
b1
c1
15
52
d1
f0
24
33
62
72
82
9
a
16
17
18
19
1a
25
26
27
28
29
2a
34
35
36
37
38
39
3a
43
44
45
46
47
48
49
4a
53
54
55
56
57
58
59
5a
63
64
65
66
67
68
69
6a
73
74
75
76
77
78
79
7a
83
84
85
86
87
88
89
8a
92
93
94
95
96
97
98
99
9a
a2
a3
a4
a5
a6
a7
a8
a9
aa
b2
b3
b4
b5
b6
b7
b8
b9
ba
c2
c3
c4
c5
c6
c7
c8
c9
ca
d2
d3
d4
d5
d6
d7
d8
d9
da
e1
e2
e3
e4
e5
e6
e7
e8
e9
ea
f1
f2
f3
f4
f5
f6
f7
f8
f9
fa
0
0
0
0
0
0
0
0
0
0
0
0
0
0
0
0
0
0
0
0
0
0
0
0
0
0
0
0
0
0
0
0
0
0
0
0
0
0
0
0
0
0
0
0
0
0
0
0
0
0
0
0
0
0
0
0
0
0
0
0
0
0
0
0
0
0
0
0
0
0
0
0
0
0
0
0
0
0
0
0
0
0
0
0
0
0
0
0
0
0
0
0
0
0
0
0
1
2
3
11
4
5
21
31
6
12
41
51
7
61
71
13
22
32
81
8
14
42
91
a1
b1
c1
9
23
33
52
f0
15
62
72
d1
a
16
24
34
e1
25
f1
17
18
19
1a
26
27
28
29
2a
35
36
37
38
39
3a
43
44
45
46
47
48
49
4a
53
54
55
56
57
58
59
5a
63
64
65
66
67
68
69
6a
73
74
75
76
77
78
79
7a
82
83
84
85
86
87
88
89
8a
92
93
94
95
96
97
98
99
9a
a2
a3
a4
a5
a6
a7
a8
a9
aa
b2
b3
b4
b5
b6
b7
b8
b9
ba
c2
c3
c4
c5
c6
c7
c8
c9
ca
d2
d3
d4
d5
d6
d7
d8
d9
da
e2
e3
e4
e5
e6
e7
e8
e9
ea
f2
f3
f4
f5
f6
f7
f8
f9
fa
0
0
0
0
0
0
0
0
0
0
0
0
0
0
0
0
0
0
0
0
0
0
0
0
0
0
0
0
0
0
0
0
0
0
0
0
0
0
0
0
0
0
0
0
0
0
0
0
0
0
0
0
0
0
0
0
0
0
0
0
0
0
0
0
0
0
0
0
0
0
0
0
0
0
0
0
0
0
0
0
0
0
0
0
0
0
0
0
0
0
0
0
0
0
0
9
b
0
ffffffff
0
6
e
1e
3e
7e
fe
1ff
ffffffff
ffffffff
ffffffff
ffffffff
ffffffff
ffffffff
ffffffff
0
0
0
0
0
0
0
0
0
0
0
0
0
0
0
0
0
0
0
0
ffffffff
2
6
e
1e
3e
7e
fe
1fe
3fe
7ff
ffffffff
ffffffff
ffffffff
ffffffff
ffffffff
0
0
0
0
0
0
0
0
0
0
0
0
0
0
0
0
0
0
0
0
0
0
2
e
1e
3e
7e
fe
1fe
0
0
0
0
0
0
0
0
0
0
0
0
0
0
0
0
0
0
0
0
0
0
0
0
0
0
0
0
0
6
e
1e
3e
7e
fe
1fe
3fe
7fe
0
0
0
0
0
0
0
0
0
0
0
0
0
0
0
0
0
0
0
0
0
0
0
0
0
0
0
1
6
7
8
9
a
b
0
0
0
0
0
0
0
0
0
0
0
0
0
0
0
0
0
0
0
0
0
0
0
0
0
0
0
0
0
3
4
5
6
7
8
9
a
b
0
0
0
0
0
0
0
0
0
0
0
0
0
0
0
0
0
0
0
0
0
0
0
0
10
10
0
ffffffff
1
4
c
1c
3b
7b
fa
1fa
3fa
7f9
ff7
ffffffff
ffffffff
7fc0
ffff
0
0
0
0
0
0
0
0
0
0
0
0
0
0
0
0
0
0
0
0
ffffffff
1
4
b
1b
3b
7a
f9
1fa
3fa
7f9
ff7
ffffffff
3fe0
7fc3
ffff
0
0
0
0
0
0
0
0
0
0
0
0
0
0
0
0
0
0
0
0
0
0
4
a
1a
3a
78
f8
1f6
3f6
7f6
ff4
0
0
7fc0
ff82
0
0
0
0
0
0
0
0
0
0
0
0
0
0
0
0
0
0
0
0
0
0
4
a
18
38
78
f6
1f4
3f6
7f6
ff4
0
3fe0
7fc2
ff88
0
0
0
0
0
0
0
0
0
0
0
0
0
0
0
0
0
0
0
0
0
0
2
3
6
9
b
f
12
17
1c
20
0
0
24
25
0
0
0
0
0
0
0
0
0
0
0
0
0
0
0
0
0
0
0
0
0
0
2
3
5
9
d
10
14
1b
20
24
0
28
29
2b
0
0
0
0
0
0
0
0
0
0
0
0
0
0
0
0
0
0
0
0
1
1
0
1
1
61
f2
1
20
9e
47
6e
e3
63
e1
6f
c3
2f
9
7c
45
b6
f1
2f
8a
7c
75
3e
bf
6e
d6
7e
36
d7
e6
b8
85
54
ba
31
69
96
23
94
19
8d
dc
28
64
25
79
4
b1
7
1c
8e
b7
c3
fe
28
5d
41
